$ANSIBLE_VAULT;1.1;AES256
30643064663066383038333062646363643136316331633762306362333533393064656266613662
3636313233656465633334613838336163393938393731330a333664663538393465343639346630
37313837323765353939323135623230623639363166333362666232626634646439376664326635
3365353832616333350a373135336465626366333861633138323239366261376431346436636530
63323465656239653462326336353063333437353337333739643565663163633466663661343931
30633938353434663632656163663334313730313437363431363966643234613235303835303762
30303062366266363730623466643234636134333665663661626539626237353730643537316231
36316630326262643765636136623039306635316562636464306630323833316535666435646530
39663331343365303833633364646435666266373962663564666464666130313365653631313839
64396234666639663137333361656530623232373538386334333861323465323564356537303634
39386664316533313436656436333462616664366630356333346338663064313437663066353237
39313634373535653562373264383338393438373433336233613430373662313064323835333737
37633665393538393939363538643863336232636164383538633434306532316265303133313436
61336637623338653936376635336436303030363935616438663332376631353330346136326362
63396463636263346166616466656535323436653134613633386566313265333030373334316265
62376533366635336661343338663632616539383638366337653536373961356536613962653533
66323535383038346330323862386237396130646262366531396563666330373430376432383933
36666535386332356364343133326537646463636537633066333064626261643334343133336563
343565366539363335376631646362653763
